archmage09308066277	
Archmage09308066277
Ali09308066277
7654321
87654321
987654321
123456789987654321
13701370
13711371
13721372
13731373
13741374
13751375
13761376
13771377
13781378
13791379
13801380
13811381
13821382
13831383
13841384
19901990
19911991
19921992
19931993
19941994
19951995
19961996
19971997
19981998
19991999
20002000
20012001
20022002
20032003
20042004
20052005
20062006
20072007
20082008
20092009
20102010
20112011
20122012
20132013
20142014
20152015
20162016
20172017
321654
17771777
password
qwerty
dragon
pussy
baseball
football
monkey
696969
shadow
superman
hunter
fuckyou
asdfgh

